1 0.8305288461538461 0.7067307692307693 0.3389423076923077 0.17067307692307693
1 0.5588942307692307 0.6887019230769231 0.22355769230769232 0.1201923076923077
1 0.3004807692307692 0.6887019230769231 0.2956730769230769 0.1778846153846154
1 0.10096153846153846 0.6826923076923077 0.07692307692307693 0.16105769230769232
1 0.11658653846153846 0.9471153846153846 0.0985576923076923 0.10576923076923077
1 0.18870192307692307 0.39302884615384615 0.25240384615384615 0.16105769230769232
1 0.5036057692307693 0.3798076923076923 0.31490384615384615 0.19230769230769232
1 0.7800480769230769 0.40625 0.2091346153846154 0.19230769230769232
1 0.35096153846153844 0.9555288461538461 0.3245192307692308 0.0889423076923077
1 0.7139423076923077 0.9375 0.40625 0.125
1 0.13341346153846154 0.08533653846153846 0.22355769230769232 0.16826923076923078
1 0.3245192307692308 0.09975961538461539 0.13701923076923078 0.15144230769230768
1 0.5144230769230769 0.10817307692307693 0.21875 0.15384615384615385
1 0.7524038461538461 0.1346153846153846 0.23557692307692307 0.17548076923076922