1 0.6790865384615384 0.21153846153846154 0.17548076923076922 0.35336538461538464
1 0.6923076923076923 0.4879807692307692 0.125 0.22596153846153846
1 0.7211538461538461 0.7463942307692307 0.18269230769230768 0.30288461538461536
1 0.7379807692307693 0.9471153846153846 0.16346153846153846 0.08173076923076923
1 0.9735576923076923 0.9495192307692307 0.052884615384615384 0.10096153846153846
1 0.4375 0.8389423076923077 0.1658653846153846 0.25721153846153844
1 0.3894230769230769 0.5216346153846154 0.19951923076923078 0.32211538461538464
1 0.38461538461538464 0.24519230769230768 0.19951923076923078 0.21634615384615385
1 0.9675480769230769 0.7163461538461539 0.06490384615384616 0.3269230769230769
1 0.9290865384615384 0.34975961538461536 0.14182692307692307 0.4110576923076923
1 0.1346153846153846 0.8713942307692307 0.17307692307692307 0.2283653846153846
1 0.12740384615384615 0.6814903846153846 0.15384615384615385 0.14182692307692307
1 0.11538461538461539 0.49158653846153844 0.15865384615384615 0.22355769230769232
1 0.11538461538461539 0.2536057692307692 0.1778846153846154 0.24278846153846154