6 0.052884615384615384 0.6802884615384616 0.052884615384615384 0.59375
6 0.12139423076923077 0.6923076923076923 0.052884615384615384 0.5721153846153846
6 0.18629807692307693 0.7067307692307693 0.05048076923076923 0.5120192307692307
6 0.2512019230769231 0.7103365384615384 0.06009615384615385 0.5048076923076923
6 0.31490384615384615 0.7139423076923077 0.052884615384615384 0.5048076923076923
6 0.38341346153846156 0.7223557692307693 0.05048076923076923 0.5120192307692307
6 0.4543269230769231 0.7331730769230769 0.052884615384615384 0.46634615384615385
6 0.5132211538461539 0.7524038461538461 0.040865384615384616 0.4375
6 0.578125 0.7632211538461539 0.05048076923076923 0.35336538461538464
6 0.6586538461538461 0.5528846153846154 0.07932692307692307 0.7980769230769231
6 0.7536057692307693 0.5829326923076923 0.06490384615384616 0.7668269230769231
6 0.8413461538461539 0.5865384615384616 0.08173076923076923 0.7451923076923077
6 0.9290865384615384 0.5793269230769231 0.07932692307692307 0.7451923076923077