6 0.04807692307692308 0.4735576923076923 0.09615384615384616 0.9038461538461539
6 0.11658653846153846 0.4723557692307692 0.15144230769230768 0.8870192307692307
6 0.21394230769230768 0.45913461538461536 0.14903846153846154 0.8870192307692307
6 0.3004807692307692 0.4951923076923077 0.13942307692307693 0.9110576923076923
6 0.3954326923076923 0.34615384615384615 0.11538461538461539 0.625
6 0.47115384615384615 0.4855769230769231 0.1346153846153846 0.8725961538461539
6 0.5576923076923077 0.5 0.14182692307692307 0.9110576923076923
6 0.6442307692307693 0.5036057692307693 0.15144230769230768 0.9206730769230769
6 0.734375 0.5024038461538461 0.1466346153846154 0.9447115384615384
6 0.8257211538461539 0.5012019230769231 0.13942307692307693 0.9302884615384616
6 0.9086538461538461 0.5264423076923077 0.14903846153846154 0.9471153846153846