6 0.5649038461538461 0.9507211538461539 0.8701923076923077 0.09615384615384616
6 0.5685096153846154 0.8605769230769231 0.8629807692307693 0.10576923076923077
6 0.5745192307692307 0.765625 0.8509615384615384 0.10336538461538461
6 0.5492788461538461 0.6754807692307693 0.9014423076923077 0.09134615384615384
6 0.6947115384615384 0.5949519230769231 0.6105769230769231 0.08173076923076923
6 0.5612980769230769 0.5060096153846154 0.875 0.0889423076923077
6 0.5432692307692307 0.4182692307692308 0.9134615384615384 0.09375
6 0.5384615384615384 0.3317307692307692 0.9230769230769231 0.10336538461538461
6 0.5324519230769231 0.24158653846153846 0.9350961538461539 0.09615384615384616
6 0.5360576923076923 0.1502403846153846 0.9278846153846154 0.09134615384615384
6 0.4951923076923077 0.06490384615384616 0.9807692307692307 0.09615384615384616