2 0.13221153846153846 0.16826923076923078 0.2091346153846154 0.3004807692307692
2 0.3485576923076923 0.16346153846153846 0.21153846153846154 0.31490384615384615
2 0.5709134615384616 0.18389423076923078 0.23798076923076922 0.3389423076923077
2 0.8389423076923077 0.18269230769230768 0.2668269230769231 0.3125
2 0.15144230769230768 0.5 0.2860576923076923 0.34375
2 0.47596153846153844 0.5132211538461539 0.31009615384615385 0.3389423076923077
2 0.78125 0.5228365384615384 0.29086538461538464 0.32211538461538464
2 0.109375 0.8401442307692307 0.21875 0.31971153846153844
2 0.34375 0.8413461538461539 0.2548076923076923 0.31009615384615385
2 0.5877403846153846 0.8473557692307693 0.24759615384615385 0.30528846153846156
2 0.8377403846153846 0.8497596153846154 0.24759615384615385 0.3004807692307692