2 0.8209134615384616 0.7680288461538461 0.2091346153846154 0.3125
2 0.6033653846153846 0.7908653846153846 0.2091346153846154 0.3269230769230769
2 0.38100961538461536 0.7920673076923077 0.23798076923076922 0.35336538461538464
2 0.12259615384615384 0.8149038461538461 0.24519230769230768 0.3269230769230769
2 0.7992788461538461 0.43990384615384615 0.2860576923076923 0.3605769230769231
2 0.47475961538461536 0.45552884615384615 0.31009615384615385 0.3581730769230769
2 0.16947115384615385 0.4723557692307692 0.28846153846153844 0.34134615384615385
2 0.8605769230769231 0.1310096153846154 0.25721153846153844 0.2620192307692308
2 0.6057692307692307 0.13942307692307693 0.25240384615384615 0.27884615384615385
2 0.3605769230769231 0.1466346153846154 0.24519230769230768 0.2932692307692308
2 0.11658653846153846 0.15504807692307693 0.23317307692307693 0.31009615384615385