6 0.8341346153846154 0.8064903846153846 0.25721153846153844 0.18028846153846154
6 0.5216346153846154 0.18269230769230768 0.3894230769230769 0.2764423076923077
6 0.7860576923076923 0.15384615384615385 0.3004807692307692 0.24278846153846154
6 0.8846153846153846 0.2283653846153846 0.21634615384615385 0.1875
6 0.8641826923076923 0.49158653846153844 0.23076923076923078 0.18028846153846154
6 0.8497596153846154 0.3701923076923077 0.2668269230769231 0.17067307692307693
6 0.6274038461538461 0.3737980769230769 0.3389423076923077 0.17067307692307693
6 0.13942307692307693 0.43509615384615385 0.27884615384615385 0.18990384615384615
6 0.14783653846153846 0.6322115384615384 0.2956730769230769 0.1346153846153846
6 0.15504807692307693 0.7596153846153846 0.31009615384615385 0.14182692307692307
6 0.5576923076923077 0.5769230769230769 0.28125 0.21394230769230768
6 0.7475961538461539 0.609375 0.36538461538461536 0.18509615384615385
6 0.6033653846153846 0.7427884615384616 0.20673076923076922 0.10817307692307693
6 0.44591346153846156 0.7788461538461539 0.22596153846153846 0.19471153846153846
6 0.14543269230769232 0.9182692307692307 0.29086538461538464 0.16346153846153846
6 0.5024038461538461 0.8918269230769231 0.7355769230769231 0.20192307692307693