6 0.46153846153846156 0.055288461538461536 0.8870192307692307 0.11057692307692307
6 0.32572115384615385 0.12860576923076922 0.6105769230769231 0.10096153846153846
6 0.375 0.21153846153846154 0.7427884615384616 0.12740384615384615
6 0.30649038461538464 0.30649038461538464 0.6129807692307693 0.11778846153846154
6 0.4254807692307692 0.38461538461538464 0.8509615384615384 0.13942307692307693
6 0.44591346153846156 0.4795673076923077 0.8918269230769231 0.1466346153846154
6 0.39903846153846156 0.5612980769230769 0.7980769230769231 0.125
6 0.2860576923076923 0.6586538461538461 0.5721153846153846 0.11538461538461539
6 0.2956730769230769 0.7379807692307693 0.5913461538461539 0.11538461538461539
6 0.2668269230769231 0.8257211538461539 0.5336538461538461 0.10817307692307693
6 0.3762019230769231 0.9050480769230769 0.7524038461538461 0.12980769230769232