6 0.4723557692307692 0.054086538461538464 0.8870192307692307 0.10817307692307693
6 0.34975961538461536 0.1201923076923077 0.6105769230769231 0.11538461538461539
6 0.41225961538461536 0.20192307692307693 0.7403846153846154 0.14423076923076922
6 0.3449519230769231 0.29927884615384615 0.6346153846153846 0.13221153846153846
6 0.4807692307692308 0.3737980769230769 0.8677884615384616 0.15865384615384615
6 0.5120192307692307 0.4675480769230769 0.9182692307692307 0.16826923076923078
6 0.484375 0.5516826923076923 0.8125 0.14182692307692307
6 0.3701923076923077 0.6514423076923077 0.6177884615384616 0.12980769230769232
6 0.3918269230769231 0.7295673076923077 0.6346153846153846 0.12980769230769232
6 0.36899038461538464 0.8185096153846154 0.59375 0.1201923076923077
6 0.4963942307692308 0.8954326923076923 0.8028846153846154 0.14903846153846154