1 0.4519230769230769 0.24639423076923078 0.13221153846153846 0.3293269230769231
1 0.640625 0.2536057692307692 0.11778846153846154 0.2860576923076923
1 0.12860576923076922 0.21995192307692307 0.14423076923076922 0.3004807692307692
1 0.296875 0.5600961538461539 0.09375 0.3004807692307692
1 0.46274038461538464 0.5709134615384616 0.11298076923076923 0.28365384615384615
1 0.6322115384615384 0.8774038461538461 0.11298076923076923 0.24519230769230768
1 0.8064903846153846 0.8834134615384616 0.1466346153846154 0.23317307692307693
1 0.13581730769230768 0.8617788461538461 0.10817307692307693 0.2764423076923077
6 0.296875 0.22596153846153846 0.12980769230769232 0.28365384615384615
6 0.8365384615384616 0.2776442307692308 0.15144230769230768 0.2860576923076923
6 0.8125 0.5853365384615384 0.12259615384615384 0.2860576923076923
6 0.6418269230769231 0.5793269230769231 0.15865384615384615 0.28846153846153844
6 0.3004807692307692 0.8545673076923077 0.13942307692307693 0.2692307692307692
6 0.46634615384615385 0.8701923076923077 0.1346153846153846 0.25961538461538464
6 0.13221153846153846 0.5360576923076923 0.14423076923076922 0.28846153846153844