6 0.8353365384615384 0.15504807692307693 0.3173076923076923 0.12980769230769232
6 0.8269230769230769 0.3016826923076923 0.34615384615384615 0.1346153846153846
6 0.7451923076923077 0.4519230769230769 0.5096153846153846 0.1875
6 0.8317307692307693 0.6286057692307693 0.33653846153846156 0.1346153846153846
6 0.8004807692307693 0.7788461538461539 0.39903846153846156 0.16346153846153846
6 0.7475961538461539 0.9278846153846154 0.5048076923076923 0.14423076923076922
6 0.3449519230769231 0.11778846153846154 0.6081730769230769 0.18269230769230768
6 0.18990384615384615 0.27524038461538464 0.2692307692307692 0.1346153846153846
6 0.4795673076923077 0.28125 0.33413461538461536 0.11538461538461539
6 0.2608173076923077 0.4230769230769231 0.38461538461538464 0.13221153846153846
6 0.34975961538461536 0.5973557692307693 0.5528846153846154 0.17067307692307693
6 0.3125 0.7608173076923077 0.42788461538461536 0.14423076923076922
6 0.2860576923076923 0.9134615384615384 0.3798076923076923 0.13942307692307693