2 0.8605769230769231 0.8377403846153846 0.17067307692307693 0.3245192307692308
2 0.8701923076923077 0.5432692307692307 0.20192307692307693 0.2980769230769231
2 0.8665865384615384 0.23798076923076922 0.22355769230769232 0.33653846153846156
2 0.6742788461538461 0.2439903846153846 0.19951923076923078 0.3317307692307692
2 0.6706730769230769 0.8509615384615384 0.17548076923076922 0.2980769230769231
2 0.6730769230769231 0.5661057692307693 0.17548076923076922 0.30288461538461536
2 0.4879807692307692 0.8413461538461539 0.18028846153846154 0.3173076923076923
2 0.49038461538461536 0.5408653846153846 0.19951923076923078 0.35096153846153844
2 0.49399038461538464 0.21394230769230768 0.20673076923076922 0.3245192307692308
2 0.3004807692307692 0.20552884615384615 0.17067307692307693 0.31971153846153844
2 0.11658653846153846 0.21153846153846154 0.17548076923076922 0.34615384615384615
2 0.3016826923076923 0.53125 0.18028846153846154 0.3245192307692308
2 0.30408653846153844 0.8413461538461539 0.18990384615384615 0.3125
2 0.11778846153846154 0.8353365384615384 0.21153846153846154 0.31009615384615385
2 0.11658653846153846 0.5384615384615384 0.23076923076923078 0.30528846153846156