2 0.7932692307692307 0.17668269230769232 0.34615384615384615 0.18509615384615385
2 0.4891826923076923 0.15384615384615385 0.3004807692307692 0.21394230769230768
2 0.18389423076923078 0.14182692307692307 0.33653846153846156 0.23798076923076922
2 0.18870192307692307 0.33533653846153844 0.33413461538461536 0.21394230769230768
2 0.7980769230769231 0.36778846153846156 0.30528846153846156 0.1875
2 0.5096153846153846 0.35096153846153844 0.30528846153846156 0.1875
2 0.7884615384615384 0.5504807692307693 0.3293269230769231 0.19471153846153846
2 0.4831730769230769 0.5336538461538461 0.35336538461538464 0.21394230769230768
2 0.15985576923076922 0.5144230769230769 0.31971153846153844 0.22115384615384615
2 0.15264423076923078 0.7079326923076923 0.30528846153846156 0.18509615384615385
2 0.16105769230769232 0.8930288461538461 0.32211538461538464 0.18990384615384615
2 0.47115384615384615 0.7223557692307693 0.3269230769230769 0.19471153846153846
2 0.78125 0.734375 0.31490384615384615 0.20432692307692307
2 0.7728365384615384 0.9038461538461539 0.3125 0.19230769230769232
2 0.47596153846153844 0.8930288461538461 0.3076923076923077 0.21394230769230768