6 0.12379807692307693 0.5096153846153846 0.14423076923076922 0.35336538461538464
6 0.19471153846153846 0.78125 0.2283653846153846 0.20432692307692307
6 0.22115384615384615 0.5408653846153846 0.07692307692307693 0.2956730769230769
6 0.3473557692307692 0.6670673076923077 0.10336538461538461 0.3389423076923077
6 0.27283653846153844 0.453125 0.10336538461538461 0.4375
6 0.38341346153846156 0.3137019230769231 0.125 0.2860576923076923
6 0.41947115384615385 0.6310096153846154 0.10096153846153846 0.3557692307692308
6 0.5228365384615384 0.6430288461538461 0.09375 0.3701923076923077
6 0.5336538461538461 0.4543269230769231 0.1346153846153846 0.5
6 0.6358173076923077 0.6634615384615384 0.10576923076923077 0.32211538461538464
6 0.6887019230769231 0.3954326923076923 0.11538461538461539 0.36538461538461536
6 0.7151442307692307 0.7319711538461539 0.09615384615384616 0.3269230769230769
6 0.7824519230769231 0.6646634615384616 0.0985576923076923 0.3076923076923077
6 0.8677884615384616 0.8353365384615384 0.20432692307692307 0.18269230769230768
6 0.8966346153846154 0.4879807692307692 0.20673076923076922 0.5120192307692307