2 0.3545673076923077 0.9278846153846154 0.38461538461538464 0.10817307692307693
2 0.35697115384615385 0.8185096153846154 0.3701923076923077 0.11298076923076923
2 0.3581730769230769 0.703125 0.4014423076923077 0.11538461538461539
2 0.3389423076923077 0.5865384615384616 0.4014423076923077 0.12980769230769232
2 0.34615384615384615 0.47716346153846156 0.3870192307692308 0.1201923076923077
2 0.31850961538461536 0.2668269230769231 0.3629807692307692 0.11298076923076923
2 0.3233173076923077 0.375 0.375 0.0985576923076923
2 0.3088942307692308 0.15264423076923078 0.37740384615384615 0.12259615384615384
2 0.3137019230769231 0.04927884615384615 0.3629807692307692 0.0985576923076923
2 0.7776442307692307 0.04807692307692308 0.38221153846153844 0.09615384615384616
2 0.7752403846153846 0.14302884615384615 0.3701923076923077 0.12740384615384615
2 0.7920673076923077 0.25600961538461536 0.3942307692307692 0.11778846153846154
2 0.7956730769230769 0.36778846153846156 0.34615384615384615 0.11538461538461539
2 0.7908653846153846 0.48197115384615385 0.3701923076923077 0.12259615384615384
2 0.8016826923076923 0.5925480769230769 0.3701923076923077 0.11538461538461539
2 0.8100961538461539 0.703125 0.3798076923076923 0.12259615384615384
2 0.8221153846153846 0.921875 0.3557692307692308 0.10336538461538461
2 0.8125 0.8125 0.3581730769230769 0.11538461538461539