2 0.052884615384615384 0.7103365384615384 0.0985576923076923 0.3870192307692308
2 0.1622596153846154 0.7103365384615384 0.10576923076923077 0.3701923076923077
2 0.2776442307692308 0.7103365384615384 0.10576923076923077 0.4014423076923077
2 0.3942307692307692 0.7319711538461539 0.1201923076923077 0.40384615384615385
2 0.5036057692307693 0.7271634615384616 0.11057692307692307 0.3894230769230769
2 0.7139423076923077 0.7584134615384616 0.10576923076923077 0.3629807692307692
2 0.6057692307692307 0.7524038461538461 0.09134615384615384 0.37740384615384615
2 0.828125 0.7704326923076923 0.11538461538461539 0.3798076923076923
2 0.9399038461538461 0.7668269230769231 0.10817307692307693 0.36538461538461536
2 0.9362980769230769 0.30288461538461536 0.11538461538461539 0.38461538461538464
2 0.828125 0.30288461538461536 0.1201923076923077 0.37259615384615385
2 0.7151442307692307 0.2848557692307692 0.10817307692307693 0.39663461538461536
2 0.6033653846153846 0.27884615384615385 0.10817307692307693 0.3485576923076923
2 0.4891826923076923 0.28125 0.11538461538461539 0.37259615384615385
2 0.3786057692307692 0.2692307692307692 0.10817307692307693 0.37259615384615385
2 0.26802884615384615 0.25721153846153844 0.11538461538461539 0.38461538461538464
2 0.04927884615384615 0.23076923076923078 0.09615384615384616 0.38221153846153844
2 0.15865384615384615 0.2548076923076923 0.10817307692307693 0.3605769230769231