2 0.296875 0.05048076923076923 0.38461538461538464 0.10096153846153846
2 0.3112980769230769 0.15264423076923078 0.36778846153846156 0.12259615384615384
2 0.3245192307692308 0.26802884615384615 0.39903846153846156 0.125
2 0.3173076923076923 0.38461538461538464 0.39903846153846156 0.13942307692307693
2 0.33533653846153844 0.49399038461538464 0.38461538461538464 0.12740384615384615
2 0.3293269230769231 0.7043269230769231 0.3605769230769231 0.12259615384615384
2 0.3233173076923077 0.5973557692307693 0.37259615384615385 0.10817307692307693
2 0.3317307692307692 0.8197115384615384 0.375 0.13221153846153846
2 0.3485576923076923 0.9302884615384616 0.3605769230769231 0.125
2 0.8112980769230769 0.8930288461538461 0.37740384615384615 0.13221153846153846
2 0.7980769230769231 0.7860576923076923 0.36778846153846156 0.13942307692307693
2 0.8028846153846154 0.671875 0.3918269230769231 0.125
2 0.7956730769230769 0.5612980769230769 0.34375 0.12259615384615384
2 0.7788461538461539 0.44711538461538464 0.36778846153846156 0.13221153846153846
2 0.7776442307692307 0.33653846153846156 0.36778846153846156 0.125
2 0.7752403846153846 0.22596153846153846 0.3798076923076923 0.13221153846153846
2 0.7764423076923077 0.03125 0.3798076923076923 0.0625
2 0.7644230769230769 0.11658653846153846 0.3557692307692308 0.125