2 0.7860576923076923 0.7055288461538461 0.12980769230769232 0.40625
2 0.9338942307692307 0.7115384615384616 0.125 0.4110576923076923
2 0.4987980769230769 0.7163461538461539 0.11538461538461539 0.40625
2 0.6454326923076923 0.7115384615384616 0.13221153846153846 0.40384615384615385
2 0.3557692307692308 0.7163461538461539 0.13701923076923078 0.4014423076923077
2 0.21754807692307693 0.7079326923076923 0.13701923076923078 0.4230769230769231
2 0.06971153846153846 0.7115384615384616 0.13221153846153846 0.3942307692307692
2 0.9314903846153846 0.2127403846153846 0.13701923076923078 0.4014423076923077
2 0.7920673076923077 0.19951923076923078 0.13942307692307693 0.37740384615384615
2 0.6442307692307693 0.21153846153846154 0.125 0.3942307692307692
2 0.5072115384615384 0.21394230769230768 0.1466346153846154 0.42788461538461536