2 0.8100961538461539 0.7271634615384616 0.37259615384615385 0.41346153846153844
2 0.9182692307692307 0.3173076923076923 0.16105769230769232 0.3798076923076923
2 0.7415865384615384 0.22596153846153846 0.44711538461538464 0.4182692307692308
2 0.5276442307692307 0.15865384615384615 0.3485576923076923 0.3173076923076923
2 0.30528846153846156 0.10697115384615384 0.31009615384615385 0.21394230769230768
2 0.19110576923076922 0.3161057692307692 0.14182692307692307 0.25
2 0.29927884615384615 0.39783653846153844 0.20673076923076922 0.31490384615384615
2 0.4699519230769231 0.5096153846153846 0.2956730769230769 0.4375
2 0.11658653846153846 0.5144230769230769 0.18269230769230768 0.18509615384615385
2 0.18389423076923078 0.6177884615384616 0.1778846153846154 0.30528846153846156
2 0.31971153846153844 0.8064903846153846 0.2668269230769231 0.28365384615384615
2 0.5612980769230769 0.8629807692307693 0.2091346153846154 0.21634615384615385
2 0.07211538461538461 0.7584134615384616 0.14423076923076922 0.3269230769230769