2 0.8016826923076923 0.7836538461538461 0.39663461538461536 0.3870192307692308
2 0.4026442307692308 0.9050480769230769 0.375 0.17307692307692307
2 0.2956730769230769 0.7319711538461539 0.40384615384615385 0.46153846153846156
2 0.19951923076923078 0.5216346153846154 0.32211538461538464 0.3581730769230769
2 0.1346153846153846 0.3016826923076923 0.20673076923076922 0.3173076923076923
2 0.33413461538461536 0.18028846153846154 0.24759615384615385 0.15144230769230768
2 0.4254807692307692 0.2848557692307692 0.3076923076923077 0.21634615384615385
2 0.5528846153846154 0.4519230769230769 0.42788461538461536 0.31009615384615385
2 0.5252403846153846 0.0985576923076923 0.1778846153846154 0.18990384615384615
2 0.6358173076923077 0.1622596153846154 0.2980769230769231 0.1875
2 0.8365384615384616 0.29086538461538464 0.27163461538461536 0.27403846153846156
2 0.90625 0.5300480769230769 0.1875 0.21634615384615385
2 0.765625 0.06129807692307692 0.32211538461538464 0.12259615384615384