6 0.11899038461538461 0.4074519230769231 0.21153846153846154 0.10336538461538461
6 0.53125 0.28125 0.22115384615384615 0.1346153846153846
6 0.23197115384615385 0.4735576923076923 0.2692307692307692 0.0985576923076923
6 0.34615384615384615 0.12740384615384615 0.20673076923076922 0.08653846153846154
6 0.24278846153846154 0.3173076923076923 0.18028846153846154 0.14182692307692307
6 0.09375 0.17427884615384615 0.14903846153846154 0.13701923076923078
6 0.04807692307692308 0.5528846153846154 0.09615384615384616 0.18990384615384615
6 0.2247596153846154 0.8401442307692307 0.09615384615384616 0.12740384615384615
6 0.8076923076923077 0.625 0.10336538461538461 0.14903846153846154
6 0.7319711538461539 0.33533653846153844 0.09134615384615384 0.1346153846153846
6 0.4387019230769231 0.4735576923076923 0.08173076923076923 0.18028846153846154
6 0.2512019230769231 0.5853365384615384 0.10336538461538461 0.13701923076923078
6 0.8209134615384616 0.08173076923076923 0.11298076923076923 0.14903846153846154