3 0.875 0.11875 0.2171875 0.228125
3 0.63125 0.11640625 0.23125 0.2125
3 0.37734375 0.11640625 0.25 0.2171875
3 0.1390625 0.115625 0.2359375 0.2171875
3 0.88046875 0.36328125 0.2390625 0.2078125
3 0.6234375 0.3640625 0.2625 0.23125
3 0.3765625 0.3609375 0.2390625 0.2140625
3 0.134375 0.35078125 0.2453125 0.2046875
3 0.86171875 0.60234375 0.2125 0.2140625
3 0.615625 0.60078125 0.2359375 0.228125
3 0.36640625 0.6109375 0.2640625 0.24375
3 0.12109375 0.62109375 0.228125 0.25
3 0.8640625 0.853125 0.271875 0.1921875
3 0.6265625 0.859375 0.2796875 0.18125
3 0.35234375 0.853125 0.2984375 0.165625