3 0.12109375 0.296875 0.2421875 0.553125
3 0.4640625 0.30078125 0.3828125 0.521875
3 0.8390625 0.296875 0.321875 0.5359375
3 0.0796875 0.74296875 0.159375 0.3375
3 0.31484375 0.74375 0.275 0.3390625
3 0.61328125 0.7390625 0.3015625 0.334375
3 0.890625 0.74765625 0.21875 0.3078125
3 0.13359375 0.95546875 0.178125 0.0890625
3 0.3109375 0.953125 0.16875 0.09375
3 0.4828125 0.9484375 0.153125 0.103125
3 0.65625 0.9484375 0.1640625 0.103125
3 0.80390625 0.95078125 0.1421875 0.0984375
3 0.9421875 0.95546875 0.115625 0.0890625