6 0.73515625 0.8359375 0.1078125 0.10625
6 0.7515625 0.9265625 0.11875 0.121875
6 0.51640625 0.8953125 0.0859375 0.190625
6 0.403125 0.8953125 0.08125 0.184375
6 0.225 0.88984375 0.090625 0.2046875
6 0.11640625 0.89140625 0.15625 0.15625
6 0.18828125 0.49609375 0.1578125 0.0828125
6 0.18671875 0.5984375 0.1734375 0.115625
6 0.4703125 0.49765625 0.134375 0.075
6 0.48203125 0.60625 0.1578125 0.146875
6 0.7296875 0.4875 0.153125 0.075
6 0.7265625 0.5953125 0.146875 0.146875
6 0.75703125 0.35234375 0.1265625 0.1265625
6 0.75 0.25859375 0.11875 0.0484375
6 0.503125 0.24765625 0.134375 0.0703125
6 0.4953125 0.35625 0.128125 0.11875
6 0.2 0.33359375 0.134375 0.1359375
6 0.2203125 0.24140625 0.134375 0.0671875
6 0.26328125 0.0359375 0.1265625 0.059375
6 0.25703125 0.1359375 0.1265625 0.128125
6 0.5203125 0.1421875 0.096875 0.1
6 0.5484375 0.06484375 0.103125 0.0453125
6 0.7515625 0.15390625 0.109375 0.1109375
6 0.75703125 0.0625 0.0890625 0.0875