6 0.52109375 0.30078125 0.0234375 0.034375
6 0.5203125 0.36875 0.03125 0.0859375
6 0.60390625 0.296875 0.028125 0.0640625
6 0.603125 0.3703125 0.025 0.078125
6 0.646875 0.30078125 0.0296875 0.0484375
6 0.646875 0.36640625 0.028125 0.084375
6 0.2875 0.45625 0.0609375 0.065625
6 0.284375 0.53359375 0.0671875 0.0890625
6 0.3640625 0.534375 0.053125 0.0921875
6 0.3671875 0.453125 0.0578125 0.065625
6 0.44453125 0.45390625 0.0515625 0.05
6 0.43828125 0.5296875 0.0640625 0.1015625
6 0.51484375 0.52421875 0.0625 0.1109375
6 0.5140625 0.446875 0.071875 0.0390625
6 0.58671875 0.4796875 0.0578125 0.0921875
6 0.6671875 0.53046875 0.059375 0.1015625
6 0.66484375 0.453125 0.0546875 0.0546875
6 0.74609375 0.4453125 0.0625 0.05
6 0.74921875 0.528125 0.0671875 0.1078125
6 0.821875 0.4609375 0.0578125 0.0640625
6 0.82421875 0.5375 0.0578125 0.090625
6 0.66484375 0.6359375 0.0625 0.065625
6 0.66796875 0.71640625 0.0703125 0.103125
6 0.5890625 0.728125 0.0578125 0.078125
6 0.5890625 0.64296875 0.0578125 0.0828125
6 0.51015625 0.64375 0.0578125 0.096875
6 0.36796875 0.63359375 0.0578125 0.084375
6 0.36484375 0.71796875 0.053125 0.0859375
6 0.29296875 0.65859375 0.0578125 0.1109375
6 0.37109375 0.84296875 0.0234375 0.121875
6 0.5 0.8421875 0.0265625 0.11875
6 0.45078125 0.8390625 0.034375 0.121875
6 0.41171875 0.84609375 0.028125 0.128125