6 0.48984375 0.3984375 0.0328125 0.0828125
6 0.59765625 0.4015625 0.028125 0.0796875
6 0.5578125 0.40625 0.0234375 0.0703125
6 0.7796875 0.409375 0.028125 0.06875
6 0.63359375 0.40078125 0.03125 0.0796875
6 0.7046875 0.4015625 0.0265625 0.0828125
6 0.2890625 0.4890625 0.0578125 0.09375
6 0.42578125 0.625 0.0546875 0.06875
6 0.35859375 0.47265625 0.059375 0.0578125
6 0.75234375 0.46953125 0.053125 0.0421875
6 0.35546875 0.54140625 0.059375 0.0796875
6 0.55390625 0.49375 0.059375 0.084375
6 0.42421875 0.4734375 0.0578125 0.0578125
6 0.75234375 0.53984375 0.0578125 0.09375
6 0.35859375 0.6484375 0.05625 0.1
6 0.42578125 0.54375 0.0515625 0.08125
6 0.68203125 0.47265625 0.0484375 0.05
6 0.54765625 0.6375 0.05 0.0890625
6 0.49296875 0.475 0.0484375 0.0484375
6 0.684375 0.5453125 0.0515625 0.0890625
6 0.4234375 0.69921875 0.0484375 0.0765625
6 0.48828125 0.54140625 0.053125 0.0875
6 0.61796875 0.496875 0.0515625 0.084375
6 0.81796875 0.48125 0.0484375 0.053125
6 0.61640625 0.63671875 0.053125 0.071875
6 0.815625 0.54765625 0.0515625 0.078125
6 0.61328125 0.70859375 0.0484375 0.06875
6 0.6796875 0.63046875 0.053125 0.059375
6 0.68046875 0.70078125 0.059375 0.08125
6 0.4625 0.80625 0.028125 0.109375
6 0.3390625 0.80234375 0.0296875 0.1015625
6 0.3765625 0.80234375 0.028125 0.1015625
6 0.425 0.80390625 0.0234375 0.1