6 0.43828125 0.3859375 0.0640625 0.065625
6 0.56640625 0.3890625 0.0375 0.090625
6 0.51875 0.39375 0.053125 0.053125
6 0.78125 0.3984375 0.03125 0.084375
6 0.60703125 0.3890625 0.0640625 0.065625
6 0.6921875 0.390625 0.065625 0.0640625
6 0.20546875 0.48984375 0.0859375 0.0859375
6 0.36640625 0.6515625 0.0734375 0.075
6 0.284375 0.4703125 0.06875 0.06875
6 0.74921875 0.4734375 0.0609375 0.059375
6 0.28203125 0.55390625 0.0828125 0.0828125
6 0.515625 0.49921875 0.0875 0.0890625
6 0.365625 0.471875 0.065625 0.065625
6 0.74765625 0.55546875 0.0640625 0.109375
6 0.3625 0.55625 0.078125 0.078125
6 0.665625 0.4734375 0.059375 0.0625
6 0.509375 0.66875 0.059375 0.1
6 0.28671875 0.68046875 0.0640625 0.115625
6 0.44453125 0.4734375 0.05625 0.053125
6 0.6671875 0.56015625 0.078125 0.0765625
6 0.36171875 0.74140625 0.0734375 0.0703125
6 0.440625 0.55234375 0.059375 0.1046875
6 0.59140625 0.50234375 0.0796875 0.0796875
6 0.825 0.48671875 0.059375 0.0609375
6 0.5890625 0.66875 0.071875 0.071875
6 0.825 0.56484375 0.05625 0.0953125
6 0.58671875 0.7546875 0.059375 0.08125
6 0.66484375 0.66015625 0.0640625 0.0640625
6 0.66640625 0.746875 0.0703125 0.09375
6 0.2640625 0.859375 0.078125 0.078125
6 0.40859375 0.86875 0.0828125 0.084375
6 0.36484375 0.8625 0.0734375 0.075
6 0.3109375 0.86015625 0.078125 0.0796875