6 0.1703125 0.33125 0.040625 0.1078125
6 0.17421875 0.25859375 0.0328125 0.0421875
6 0.24921875 0.33203125 0.075 0.1078125
6 0.25078125 0.24296875 0.0640625 0.071875
6 0.33828125 0.33671875 0.0625 0.1046875
6 0.3359375 0.24609375 0.0625 0.0796875
6 0.41875 0.33046875 0.0703125 0.1140625
6 0.42578125 0.2453125 0.059375 0.0515625
6 0.5046875 0.3265625 0.075 0.1265625
6 0.5046875 0.2421875 0.0765625 0.04375
6 0.58515625 0.28125 0.0625 0.1078125
6 0.6703125 0.33515625 0.065625 0.1203125
6 0.67109375 0.2484375 0.0671875 0.0625
6 0.76171875 0.3328125 0.071875 0.11875
6 0.7625 0.24453125 0.0734375 0.059375
6 0.84453125 0.34609375 0.0671875 0.1078125
6 0.846875 0.2609375 0.059375 0.0625
6 0.26015625 0.46953125 0.0671875 0.1125
6 0.340625 0.53515625 0.0609375 0.103125
6 0.34375 0.44296875 0.0640625 0.08125
6 0.425 0.540625 0.0375 0.1
6 0.41953125 0.4609375 0.034375 0.0703125
6 0.50078125 0.4640625 0.059375 0.10625
6 0.5796875 0.55234375 0.0640625 0.0828125
6 0.58125 0.465625 0.0625 0.0859375
6 0.66484375 0.540625 0.078125 0.1078125
6 0.66875 0.4609375 0.0734375 0.0625
6 0.7375 0.559375 0.028125 0.0859375
6 0.73203125 0.47578125 0.034375 0.0859375
6 0.4859375 0.67265625 0.0359375 0.125
6 0.434375 0.6671875 0.0359375 0.1296875
6 0.390625 0.67265625 0.0296875 0.1375
6 0.3453125 0.6703125 0.021875 0.1265625