6 0.30390625 0.78828125 0.1921875 0.1921875
6 0.2984375 0.65390625 0.221875 0.0734375
6 0.05546875 0.77109375 0.0984375 0.1109375
6 0.6921875 0.4953125 0.34375 0.34375
6 0.22890625 0.43359375 0.3609375 0.3609375
6 0.26015625 0.18515625 0.2484375 0.2484375
6 0.7015625 0.2171875 0.3125 0.3125
6 0.03359375 0.64921875 0.0671875 0.0671875
6 0.890625 0.79296875 0.20625 0.1328125
6 0.07734375 0.9171875 0.1046875 0.10625
6 0.22109375 0.92734375 0.0921875 0.0921875
6 0.3734375 0.925 0.096875 0.096875
6 0.521875 0.93515625 0.09375 0.0953125
6 0.96875 0.54375 0.0625 0.140625