6 0.3109375 0.08671875 0.1125 0.1109375
6 0.528125 0.11640625 0.121875 0.1203125
6 0.7546875 0.1328125 0.11875 0.103125
6 0.2921875 0.2421875 0.115625 0.109375
6 0.5140625 0.25625 0.13125 0.13125
6 0.73671875 0.26953125 0.1171875 0.1171875
6 0.271875 0.4 0.13125 0.13125
6 0.5015625 0.4046875 0.09375 0.09375
6 0.728125 0.40859375 0.065625 0.0859375
6 0.2265625 0.5875 0.1125 0.05
6 0.48984375 0.596875 0.0984375 0.096875
6 0.71484375 0.6125 0.1390625 0.140625
6 0.21953125 0.7796875 0.1296875 0.13125
6 0.47421875 0.81015625 0.1515625 0.1515625
6 0.69453125 0.81328125 0.1328125 0.1140625