6 0.4234375 0.11015625 0.053125 0.0296875
6 0.425 0.178125 0.0609375 0.096875
6 0.5484375 0.0984375 0.05 0.0296875
6 0.5515625 0.16953125 0.05 0.0984375
6 0.684375 0.19921875 0.06875 0.0984375
6 0.684375 0.12890625 0.0734375 0.0453125
6 0.69140625 0.30234375 0.0671875 0.0484375
6 0.69140625 0.38046875 0.065625 0.115625
6 0.68359375 0.48984375 0.065625 0.0640625
6 0.68125 0.58671875 0.0625 0.1140625
6 0.528125 0.3265625 0.03125 0.1203125
6 0.571875 0.32734375 0.0265625 0.125
6 0.39921875 0.37890625 0.0640625 0.115625
6 0.4078125 0.28984375 0.0640625 0.0625
6 0.38984375 0.59765625 0.065625 0.1359375
6 0.4015625 0.5046875 0.0703125 0.0609375
6 0.5359375 0.5984375 0.0734375 0.1328125
6 0.54375 0.5 0.075 0.0578125
6 0.36484375 0.734375 0.075 0.06875
6 0.36171875 0.83359375 0.0734375 0.1234375
6 0.503125 0.80859375 0.034375 0.1875
6 0.5609375 0.8078125 0.0375 0.1921875
6 0.6984375 0.7421875 0.059375 0.065625
6 0.71171875 0.8234375 0.078125 0.0859375