6 0.45859375 0.378125 0.0296875 0.08125
6 0.56796875 0.3828125 0.0546875 0.053125
6 0.5265625 0.3859375 0.04375 0.046875
6 0.7546875 0.39140625 0.046875 0.0484375
6 0.603125 0.38125 0.053125 0.053125
6 0.67578125 0.38359375 0.0296875 0.08125
6 0.25703125 0.46796875 0.0734375 0.0765625
6 0.3953125 0.609375 0.053125 0.06875
6 0.32578125 0.45234375 0.0578125 0.0578125
6 0.72578125 0.45234375 0.0515625 0.0515625
6 0.3234375 0.52265625 0.059375 0.0828125
6 0.52421875 0.47578125 0.0609375 0.0890625
6 0.39296875 0.45390625 0.053125 0.0578125
6 0.32734375 0.634375 0.0578125 0.1
6 0.72578125 0.52421875 0.0765625 0.0765625
6 0.39375 0.52578125 0.06875 0.0671875
6 0.65390625 0.45390625 0.0484375 0.0515625
6 0.51953125 0.62421875 0.0515625 0.0921875
6 0.46328125 0.45625 0.0453125 0.046875
6 0.65625 0.52578125 0.071875 0.0703125
6 0.390625 0.68515625 0.0625 0.0640625
6 0.45703125 0.521875 0.0515625 0.084375
6 0.58828125 0.48046875 0.0671875 0.0671875
6 0.7921875 0.465625 0.05 0.0515625
6 0.5875 0.62421875 0.0625 0.0609375
6 0.58515625 0.69453125 0.0609375 0.059375
6 0.7921875 0.5328125 0.065625 0.065625
6 0.653125 0.61796875 0.05625 0.0578125
6 0.6546875 0.69140625 0.0734375 0.0734375
6 0.30546875 0.79296875 0.0265625 0.1078125
6 0.4296875 0.7953125 0.028125 0.115625
6 0.39296875 0.79296875 0.0640625 0.0640625
6 0.34296875 0.7921875 0.0671875 0.0671875