6 0.5 0.10859375 0.053125 0.0265625
6 0.4828125 0.16640625 0.0515625 0.090625
6 0.6171875 0.11328125 0.0546875 0.0234375
6 0.6078125 0.1734375 0.059375 0.0875
6 0.75078125 0.14765625 0.0734375 0.040625
6 0.740625 0.21484375 0.071875 0.1
6 0.73515625 0.3015625 0.078125 0.046875
6 0.71640625 0.37890625 0.0671875 0.128125
6 0.603125 0.31640625 0.0359375 0.1140625
6 0.55625 0.31171875 0.0375 0.1265625
6 0.45 0.24921875 0.0671875 0.0515625
6 0.42734375 0.33515625 0.078125 0.134375
6 0.40703125 0.44453125 0.0734375 0.0515625
6 0.371875 0.53515625 0.08125 0.1265625
6 0.5515625 0.4671875 0.0796875 0.0546875
6 0.5234375 0.5640625 0.0875 0.165625
6 0.70078125 0.48984375 0.0734375 0.053125
6 0.67421875 0.578125 0.08125 0.1296875
6 0.6734375 0.74609375 0.075 0.065625
6 0.6640625 0.8359375 0.0703125 0.11875
6 0.5109375 0.77421875 0.0515625 0.1859375
6 0.4421875 0.76171875 0.065625 0.1875
6 0.3265625 0.653125 0.0734375 0.0703125
6 0.2984375 0.74296875 0.090625 0.146875