6 0.41015625 0.23515625 0.0375 0.0984375
6 0.540625 0.2453125 0.059375 0.0625
6 0.49375 0.2484375 0.05625 0.05625
6 0.76015625 0.25703125 0.0578125 0.05625
6 0.58359375 0.2484375 0.0359375 0.084375
6 0.66953125 0.2515625 0.0359375 0.0875
6 0.16484375 0.3453125 0.0640625 0.121875
6 0.33125 0.521875 0.0625 0.075
6 0.2515625 0.32890625 0.0625 0.0625
6 0.728125 0.33671875 0.0625 0.0484375
6 0.24453125 0.409375 0.084375 0.084375
6 0.48984375 0.3625 0.0703125 0.109375
6 0.33203125 0.33125 0.0609375 0.0625
6 0.72890625 0.41796875 0.0671875 0.1140625
6 0.3296875 0.41171875 0.078125 0.0765625
6 0.64296875 0.33671875 0.0578125 0.0609375
6 0.4828125 0.54765625 0.084375 0.0828125
6 0.41484375 0.3359375 0.05625 0.053125
6 0.64453125 0.4234375 0.0828125 0.08125
6 0.3234375 0.6109375 0.0625 0.103125
6 0.24375 0.553125 0.090625 0.090625
6 0.40859375 0.4109375 0.0828125 0.08125
6 0.56640625 0.3703125 0.0671875 0.10625
6 0.80546875 0.35390625 0.0609375 0.05625
6 0.56484375 0.540625 0.0765625 0.078125
6 0.80546875 0.43046875 0.0609375 0.0921875
6 0.56171875 0.6296875 0.059375 0.084375
6 0.64140625 0.534375 0.0671875 0.065625
6 0.64296875 0.61796875 0.0859375 0.0859375
6 0.21484375 0.74375 0.0328125 0.14375
6 0.37109375 0.7515625 0.0921875 0.09375
6 0.265625 0.7515625 0.0828125 0.0828125
6 0.32265625 0.75390625 0.0796875 0.0796875