6 0.38125 0.27578125 0.0921875 0.0625
6 0.5484375 0.27734375 0.0875 0.0734375
6 0.71640625 0.284375 0.1078125 0.0625
6 0.36328125 0.36171875 0.1234375 0.075
6 0.53828125 0.3671875 0.0546875 0.0859375
6 0.72265625 0.3703125 0.10625 0.0765625
6 0.35078125 0.4734375 0.0921875 0.0453125
6 0.5171875 0.4703125 0.128125 0.084375
6 0.734375 0.46640625 0.1109375 0.0734375
6 0.3375 0.59453125 0.11875 0.09375
6 0.559375 0.59453125 0.065625 0.125
6 0.746875 0.61953125 0.1046875 0.0796875
6 0.32109375 0.76171875 0.1421875 0.1203125
6 0.57578125 0.77734375 0.14375 0.059375
6 0.78125 0.78828125 0.08125 0.090625