6 0.4125 0.4625 0.028125 0.084375
6 0.4859375 0.46796875 0.025 0.0734375
6 0.52890625 0.46640625 0.0296875 0.0796875
6 0.56875 0.465625 0.0625 0.059375
6 0.64609375 0.46796875 0.0328125 0.0859375
6 0.73125 0.47890625 0.028125 0.0765625
6 0.7625 0.55625 0.05 0.05
6 0.7609375 0.62421875 0.071875 0.0734375
6 0.69609375 0.6140625 0.0609375 0.096875
6 0.6953125 0.546875 0.053125 0.053125
6 0.6203125 0.6125 0.075 0.075
6 0.6203125 0.54609375 0.05 0.0484375
6 0.5515625 0.56015625 0.0671875 0.0671875
6 0.484375 0.55703125 0.0625 0.0828125
6 0.41953125 0.534375 0.046875 0.046875
6 0.4109375 0.6078125 0.071875 0.071875
6 0.34375 0.60859375 0.05625 0.0953125
6 0.346875 0.5359375 0.05 0.05
6 0.2703125 0.603125 0.071875 0.071875
6 0.2734375 0.5359375 0.053125 0.053125
6 0.2 0.54375 0.053125 0.0875
6 0.2796875 0.7015625 0.046875 0.096875
6 0.346875 0.6890625 0.05625 0.05625
6 0.34609375 0.75859375 0.0453125 0.0609375
6 0.4796875 0.7 0.046875 0.075
6 0.54609375 0.7046875 0.0609375 0.059375
6 0.54296875 0.77109375 0.0484375 0.0640625
6 0.615625 0.69765625 0.05625 0.0546875
6 0.6140625 0.7640625 0.06875 0.071875
6 0.38828125 0.8625 0.0609375 0.0625
6 0.3515625 0.85859375 0.021875 0.0828125
6 0.30390625 0.85234375 0.0328125 0.0890625
6 0.26171875 0.85078125 0.0546875 0.0546875