6 0.17734375 0.3546875 0.0640625 0.0375
6 0.17421875 0.4109375 0.0640625 0.065625
6 0.3625 0.35234375 0.05625 0.0296875
6 0.3609375 0.40546875 0.071875 0.0734375
6 0.44609375 0.3578125 0.0734375 0.0375
6 0.446875 0.4109375 0.075 0.0625
6 0.5359375 0.36015625 0.05 0.0515625
6 0.5328125 0.409375 0.059375 0.05625
6 0.61640625 0.3546875 0.0515625 0.053125
6 0.62421875 0.409375 0.0640625 0.0625
6 0.7140625 0.35546875 0.053125 0.0515625
6 0.71328125 0.4046875 0.0765625 0.0625
6 0.803125 0.3515625 0.05 0.05
6 0.80234375 0.4046875 0.075 0.06875
6 0.61953125 0.46953125 0.0703125 0.040625
6 0.61875 0.5265625 0.06875 0.065625
6 0.5375 0.528125 0.06875 0.05
6 0.3640625 0.4796875 0.0625 0.040625
6 0.36875 0.5328125 0.05625 0.0625
6 0.2796875 0.471875 0.078125 0.05
6 0.27890625 0.5265625 0.0609375 0.059375
6 0.1015625 0.471875 0.059375 0.040625
6 0.10390625 0.52734375 0.06875 0.0703125
6 0.290625 0.60234375 0.025 0.0703125
6 0.44375 0.6015625 0.05 0.046875
6 0.39296875 0.60546875 0.028125 0.0734375
6 0.33828125 0.6046875 0.053125 0.053125
6 0.759375 0.25546875 0.03125 0.0328125
6 0.75546875 0.30078125 0.0421875 0.0421875
6 0.7 0.30078125 0.046875 0.046875
6 0.6984375 0.25234375 0.03125 0.0390625
6 0.49921875 0.29765625 0.0484375 0.0484375
6 0.49765625 0.24921875 0.0328125 0.0359375