6 0.44609375 0.59765625 0.0265625 0.071875
6 0.39453125 0.6015625 0.0296875 0.075
6 0.33984375 0.60078125 0.0265625 0.078125
6 0.29375 0.60078125 0.046875 0.0484375
6 0.62109375 0.5203125 0.0703125 0.065625
6 0.62265625 0.4671875 0.0703125 0.040625
6 0.53828125 0.5265625 0.0609375 0.046875
6 0.36796875 0.5265625 0.0578125 0.05625
6 0.36953125 0.475 0.05 0.05
6 0.28046875 0.5234375 0.0578125 0.059375
6 0.28125 0.4703125 0.06875 0.046875
6 0.10703125 0.525 0.0640625 0.065625
6 0.1078125 0.471875 0.059375 0.0375
6 0.18359375 0.40703125 0.053125 0.0546875
6 0.1765625 0.35390625 0.046875 0.0453125
6 0.36171875 0.40078125 0.0703125 0.0734375
6 0.3671875 0.35 0.040625 0.040625
6 0.453125 0.40625 0.075 0.0625
6 0.44765625 0.35625 0.0703125 0.034375
6 0.5375 0.40703125 0.05625 0.0546875
6 0.53828125 0.35625 0.0453125 0.04375
6 0.6265625 0.4046875 0.053125 0.0625
6 0.62109375 0.3515625 0.0578125 0.034375
6 0.503125 0.296875 0.0453125 0.046875
6 0.50234375 0.24375 0.0359375 0.0375
6 0.71875 0.39765625 0.0703125 0.0703125
6 0.715625 0.35078125 0.06875 0.0234375
6 0.70078125 0.29609375 0.0296875 0.053125
6 0.7015625 0.2453125 0.034375 0.034375
6 0.759375 0.296875 0.040625 0.0390625
6 0.76015625 0.25234375 0.0265625 0.0328125
6 0.80546875 0.39609375 0.0703125 0.0703125
6 0.80625 0.346875 0.06875 0.025