6 0.209375 0.30078125 0.15 0.2015625
6 0.20546875 0.14375 0.1140625 0.1125
6 0.70625 0.4921875 0.109375 0.109375
6 0.6953125 0.6296875 0.09375 0.146875
6 0.59140625 0.86484375 0.2203125 0.1859375
6 0.5875 0.7453125 0.1328125 0.13125
6 0.58515625 0.86171875 0.2078125 0.1734375
6 0.3390625 0.8640625 0.18125 0.18125
6 0.8265625 0.74765625 0.125 0.1265625
6 0.33046875 0.7421875 0.1796875 0.075
6 0.10078125 0.85390625 0.1671875 0.1671875
6 0.1234375 0.73828125 0.096875 0.096875
6 0.825 0.8578125 0.2 0.1625